time,x,y,z,phi,theta,psi,x_velocity,y_velocity,z_velocity,phi_velocity,theta_velocity,psi_velocity,rotor_speed1,rotor_speed2,rotor_speed3,rotor_speed4
0.06,7.388120965698403e-08,4.065355703837021e-08,10.001775858101412,5.213928301195381e-05,6.2830457858083335,0.0,8.715052753574792e-06,3.909028754625172e-06,0.05919347305397943,0.0025527961393818433,-0.007437354063663025,0.0,425.15216462208883,424.5146238961615,422.5648505769346,422.7847949358736
0.12000000000000001,4.56914854285342e-06,2.161016791067647e-06,10.012409751498053,6.283138380127436,0.00029499528581666823,0.0,0.00012989308398559594,7.216075583559579e-05,0.29523783956049215,-0.011768835983318956,0.02682110468828919,0.0,475.8616446267951,478.4764171364272,479.6417587086891,478.55308687309565
0.18,2.550783998812971e-07,3.120069085201761e-06,10.033036316228571,6.2827041940344515,0.0016665397260604564,0.0,-0.0004265779063634453,-9.681379015281358e-05,0.39228523205018495,0.0005615631683890199,0.013444969972175333,0.0,437.27160145772604,436.156119914387,434.908789320277,435.9402556357784
0.23999999999999996,-6.764352967426649e-05,-1.3355893708351503e-05,10.061934541234303,6.282244506792811,0.0028665944322838754,0.0,-0.0019534133743561695,-0.00046514609507474923,0.5709159621227333,-0.03414569005488967,0.030646226324058643,0.0,460.01319612489544,461.3730381187376,463.3980420515,460.6621706145161
0.3,-0.0002507096499638933,-6.847862305978266e-05,10.099095268173548,6.279886747735292,0.004454508771353005,0.0,-0.004324300059363485,-0.0015931052976176762,0.6677218755834657,-0.052357126232695,0.01641743650409945,0.0,437.4585847556787,436.2724938885708,436.3780996254971,434.85456488821245
0.36000000000000004,-0.0005884237753943672,-0.00022934876644070605,10.138350365707279,6.276877980087512,0.005599593588638818,0.0,-0.007021934046540972,-0.0040249045122897585,0.640795580790337,-0.04605647342776309,0.023946551211174623,0.0,394.56330091655985,395.2576990482296,394.90540679487145,395.484140061192
0.4200000000000001,-0.0011382847978479577,-0.0006201895932334127,10.181068939504847,6.2736404065240166,0.0068887304671925165,0.0,-0.011454387788604307,-0.009317827537053647,0.7830665098748529,-0.07856164321609602,0.01604380755164985,0.0,450.53307038811766,449.89375005542087,452.2314136826079,449.60365107151034
0.48000000000000015,-0.0019487363072954662,-0.001361009686990618,10.227833377331423,6.2687582622307545,0.007732402349592604,0.0,-0.015638771197192848,-0.015788809326515385,0.7757479012589211,-0.087671631205221,0.009767916413731736,0.0,401.74918225202885,401.1797297744426,403.08567875669434,402.25551385149896
0.5400000000000001,-0.003053143863639851,-0.0026347396030387635,10.277907203081673,6.263200461276959,0.008202732070135887,0.0,-0.02122974719903787,-0.02723069831826165,0.8932849311421123,-0.10505693059227322,0.003670765603865785,0.0,443.26364560181844,442.7622626141109,443.89807735011635,442.4618560031276
0.6000000000000002,-0.004504446060861594,-0.004723195771785324,10.33533142117409,6.256648025984127,0.00873505889956494,0.0,-0.027187791156837567,-0.04306231071784182,1.0207343695328008,-0.11915613702882337,0.017647152428692137,0.0,445.5934859943442,446.73433144906073,447.23590237783117,446.07560369797375
0.6600000000000003,-0.006349694394833386,-0.007973602062768466,10.402843566217955,6.249056517960792,0.009967138033263545,0.0,-0.03445468101934318,-0.06614093789514351,1.2294423309366092,-0.1483402384139879,0.025760621633403757,0.0,470.6758747796222,471.30326054846796,472.7276329962966,470.45945514711315
0.7200000000000003,-0.00858949911959484,-0.012542152708712461,10.475715475364309,6.2398735966104475,0.012018230273877606,0.0,-0.04035798936770124,-0.08689192825336767,1.1996227552153496,-0.1646751634374594,0.04719999875700369,0.0,393.34693973007,395.3278118076264,396.9930515005378,395.4659628256175
0.7800000000000004,-0.01126577457510916,-0.018672672968005875,10.550332452585048,6.229694858486942,0.014649086503869313,0.0,-0.049125023581364044,-0.118456822021112,1.2874620678068351,-0.1821002463588069,0.03612239588824324,0.0,435.9129951399781,434.98752857850025,434.7656246268401,433.27464698326264
0.8400000000000004,-0.014581099064436654,-0.027135957811207048,10.634326642090128,6.219069659264223,0.016641444696860574,0.0,-0.061633519595190804,-0.16493340385438207,1.511992347560076,-0.168593198941897,0.026622258551312773,0.0,476.87245889958973,476.1466441921341,476.6298074122899,477.6328344068857
0.9000000000000005,-0.01863388692194009,-0.03841155234996637,10.728266423249112,6.209263246048643,0.01851566978540653,0.0,-0.07363756893814327,-0.21193500548170702,1.6191096509377034,-0.1547450219291813,0.03915607434211237,0.0,441.73259526635866,442.7652196725271,441.12299908679995,442.2391634432639
0.9600000000000005,-0.023479694220892067,-0.05283064250539436,10.830220922827783,6.199944203345247,0.02032936149291853,0.0,-0.08813136311511485,-0.269714775403415,1.7790451415464736,-0.15648584711952007,-0.0011869257620592284,0.0,460.926445600056,457.72754540007486,458.3750803246192,458.21470920271946
1.0200000000000005,-0.02929618133046769,-0.07122220323901626,10.94522647877838,6.19055676508159,0.020093818457986856,0.0,-0.1057234668944791,-0.34449950418753206,2.053903274159762,-0.1564003544778315,-0.010059727318238485,0.0,493.36378135476,492.7083601245212,493.401862100942,493.38766032310525
1.0800000000000005,-0.0360602177544093,-0.09387596018575031,11.071751407767398,6.18113760797754,0.01920541371061457,0.0,-0.11966532539166208,-0.41157954472020003,2.1632857763751696,-0.15818204649839668,-0.026572552909971122,0.0,445.6610368736871,444.30942974857544,445.29408738897814,445.1250171148256
1.1400000000000006,-0.04363789256262549,-0.12074991851765614,11.204798399416667,6.172091687672463,0.01749500960822381,0.0,-0.13274888984891597,-0.4851518873658056,2.2712879272862843,-0.13901084083050974,-0.0326858769247362,0.0,445.62347265931635,445.1232594121681,444.52658712004734,446.07309290666524
1.2000000000000006,-0.052077177688663004,-0.15296478938800184,11.350854006053279,6.163354169138756,0.01606679241979503,0.0,-0.14832383710041275,-0.589749218464959,2.5963914376497006,-0.16406486987070443,-0.010239568499370811,0.0,510.44903421487237,512.0482156111709,509.12424760832863,507.31115689596027
1.2600000000000007,-0.06131569155269418,-0.1909284562124724,11.510049538841084,6.153936204751531,0.015126957005211494,0.0,-0.15954428355913777,-0.6766737853926784,2.7097082527566396,-0.14561982396228493,-0.029652400012291084,0.0,450.9122000623221,449.34128505700085,448.1254858961945,449.59894787349424
1.3200000000000007,-0.07118363637159664,-0.23413191572170944,11.674716949664745,6.145190093056341,0.013351728591571188,0.0,-0.16921019849952912,-0.7642738967777049,2.7788914540484484,-0.14606724461453485,-0.029456961489335475,0.0,436.92977350326123,436.94578258701927,435.8562565919749,435.7985172361592
1.3800000000000008,-0.08158802704983374,-0.282664378116522,11.842795923475814,6.136974902332421,0.012411833020728125,0.0,-0.17748158347508555,-0.8542550330279407,2.8234787814772515,-0.1230554543164259,0.0030899766848189562,0.0,426.8986532973676,429.66684485679804,428.9083259365404,430.83980513001455
1.4400000000000008,-0.09252585101672459,-0.3373322460137776,12.017447512782967,6.129250117497772,0.012468123743115456,0.0,-0.18712092082820458,-0.9687936658856661,2.9976129433874736,-0.1436472825354541,-0.003756414260883557,0.0,469.9452610306984,469.414263556931,471.6328140895759,470.0252241747634
1.5000000000000009,-0.10397096009710913,-0.3981751450708545,12.196896806618003,6.12088520555027,0.012095874172018739,0.0,-0.1943577076389901,-1.0600364673155223,2.9838998768007023,-0.1320758017350607,-0.011614376449903511,0.0,412.20911322533175,411.51419523831316,410.6170377302311,411.6224503644395
1.560000000000001,-0.11589659347193954,-0.46537527430455977,12.379964299635295,6.113135503998336,0.011414728181367906,0.0,-0.20308406847157667,-1.1807514354482256,3.1177792945433676,-0.12389672580957763,-0.010833629614589165,0.0,459.9126139397521,459.9745774991058,459.12715266667965,459.76091350949144
1.620000000000001,-0.12831766968815178,-0.53978607298869,12.569868322574198,6.105546205620815,0.010639474498436385,0.0,-0.21087577422161824,-1.3003287033846076,3.2118812794684777,-0.13224671697350038,-0.01746138334034804,0.0,448.8858835934225,448.3478256278898,448.7324632062815,448.03961366084644
1.680000000000001,-0.1411276832624306,-0.6204913498018565,12.75963964711469,6.098267179965269,0.009443447778236802,0.0,-0.21604511502500265,-1.3904587594110616,3.113942206005672,-0.1054568164436929,-0.025403740240411282,0.0,384.08953401992824,383.3354465181645,383.37494377763045,385.89580092844307
1.740000000000001,-0.15433297949354158,-0.7088111890141519,12.954666564595009,6.092616216780101,0.007468323788843989,0.0,-0.22390693883033408,-1.5541523516567906,3.385917754209986,-0.0779524798224657,-0.05548520679668786,0.0,502.67645587540056,500.4913557021061,502.30605055860974,504.289951904961
1.8000000000000012,-0.16795034810436898,-0.8071217350349289,13.166106031713543,6.087976477071891,0.004296705542246926,0.0,-0.22957711636060063,-1.7233061852587597,3.660964094291322,-0.07611100632790353,-0.048070481847777735,0.0,505.1890282637083,505.7219282455362,505.09904136030366,505.2278716813189
1.8600000000000012,-0.1818118863181923,-0.9149596835824115,13.390257215531387,6.084088450183929,0.0010225098243070718,0.0,-0.23213568882572896,-1.8716649341006206,3.810031647752204,-0.04852848162582373,-0.0725600367301646,0.0,470.86551989823306,468.96502320302784,470.5175948971945,472.6451817221244
1.9200000000000013,-0.19574685026576574,-1.0316018541518333,13.62241417208327,6.080976129677991,6.279524888088137,0.0,-0.23188582546634648,-2.016661832276683,3.92793647604901,-0.059572818996110256,-0.092248749566844,0.0,463.59473327848343,462.0402187989307,462.96167576491325,462.09014257287197
1.9800000000000013,-0.2095741166401237,-1.1564600581976898,13.85889701942306,6.077232978393663,6.2737159424996705,0.0,-0.22850015234200846,-2.1456191337562087,3.954540217513427,-0.06870389257169787,-0.1080123691119752,0.0,434.3437832083244,433.01116601753847,436.58437323931355,435.81885109887776
2.0400000000000014,-0.2230367545654919,-1.290087397555212,14.101490605604656,6.073069549301362,6.267429282077938,0.0,-0.21952718827706358,-2.308981868273499,4.131004124145484,-0.07079954159163411,-0.09899146125004052,0.0,481.43650823850686,482.1099304545822,482.8240406689772,482.6626578730959
2.1000000000000014,-0.2359161107238953,-1.432381244243249,14.348843696633322,6.068447337310218,6.2617049915898555,0.0,-0.20928284938481506,-2.4345636410146345,4.113939994838305,-0.09397978533970897,-0.08905880193579432,0.0,423.2592123200116,424.10499844580136,423.41060853863826,421.40607019199035
2.1600000000000015,-0.24796916057931057,-1.5833893260456897,14.60009540308767,6.062883664724925,6.2567425277866775,0.0,-0.19193183298422312,-2.5995473278009658,4.260223777442996,-0.09033644683534726,-0.07234165098458971,0.0,475.4296500886423,476.70370077502247,474.84726554393626,475.1200447366409
2.2200000000000015,-0.2588709399198323,-1.7444478109903265,14.860167114502008,6.05752504958161,6.252591836516302,0.0,-0.17100903875198165,-2.769547332415226,4.407895244978011,-0.08733436550980751,-0.06350504218760998,0.0,477.0357726407446,477.7068412508382,478.0595030505664,478.2821820504473
2.2800000000000016,-0.2685642149300564,-1.9148410472323911,15.124744094049486,6.051787530370925,6.24890208453197,0.0,-0.15176854975026163,-2.910729287059816,4.41101360984964,-0.12248519577106877,-0.057754810790941295,0.0,433.6689526738879,434.14893523666615,435.9713791957415,433.01522030027576
2.3400000000000016,-0.2770338293929636,-2.0938474417692143,15.389559246265318,6.045254365152921,6.245028943215658,0.0,-0.13023254857582497,-3.05677601610368,4.415765605647527,-0.09032581848339419,-0.083785332632484,0.0,437.0782403931663,434.89964989704856,433.73411701043574,436.41560447286747
2.4000000000000017,-0.28407870478178143,-2.28208361581376,15.656025627389857,6.0405432559845575,6.2401203992489265,0.0,-0.10412936298572699,-3.2182220185363892,4.4658748200627,-0.061730065948254184,-0.07812584711163509,0.0,450.98932260421117,451.44095015921386,449.84893989277214,452.1536729146186
2.4600000000000017,-0.2896362689354251,-2.4791526306086373,15.921611278380714,6.036988619881322,6.235550949872788,0.0,-0.08075424189299966,-3.351160091364297,4.387027948516084,-0.05468710542025537,-0.07248788530948572,0.0,409.61868515585473,410.1147164631274,407.90301229440314,408.5287722881267
2.520000000000002,-0.2934577227725814,-2.685594182515707,16.18769267651702,6.034233560504447,6.230752682648951,0.0,-0.04618752881873979,-3.5304816357611455,4.481604271176675,-0.03248963041875006,-0.10236213470071193,0.0,467.46228855009895,465.1229639835027,465.3160645284451,467.049499616372
2.580000000000002,-0.29524104738873236,-2.90220372255575,16.456804418014,6.032005178408937,6.224450935314547,0.0,-0.01270195749878708,-3.690083957248359,4.488450804357668,-0.04860011512688693,-0.11097665929765477,0.0,440.48950614609805,439.7666193917454,440.10965840615245,438.7732710421305
2.640000000000002,-0.29494965125680744,-3.1282420585787354,16.725465812751594,6.028583766701871,6.218473587390877,0.0,0.022952484514537727,-3.844881581237596,4.466679296508976,-0.0847491241160662,-0.08330851270182399,0.0,429.97395395033675,432.30264043117234,432.50198642200905,429.44322958365325
2.700000000000002,-0.29234025236456185,-3.3639599456945612,16.993941532623847,6.023158146839959,6.213810433141392,0.0,0.06445340970446378,-4.012888915044551,4.481993636896281,-0.10528833554321575,-0.06839911951586686,0.0,442.9888805672346,444.2084607112819,445.25759187920755,443.5667134800188
2.760000000000002,-0.2868516654920212,-3.611007815800086,17.267492133432267,6.017217381543025,6.210541737705462,0.0,0.11883815870622495,-4.2225692142905595,4.635090599700243,-0.08874969207611441,-0.035606724430752176,0.0,486.8842040394938,489.3297597024945,487.56092831431494,488.78756369391914
2.820000000000002,-0.2786511242288312,-3.868556567397771,17.542001479899394,6.011667221507313,6.208305477040518,0.0,0.15469617757594098,-4.362993032094369,4.515337410176723,-0.1013189587668387,-0.0408257125516977,0.0,402.1384675515227,401.66451896976895,401.6985251365708,400.5485108120096
2.880000000000002,-0.2679969881427523,-4.135596967643784,17.81270822618705,6.005613316048523,6.205760527117633,0.0,0.20064626445232697,-4.538951515469057,4.507715514375816,-0.10007100523745589,-0.045801438558372376,0.0,440.6830127378777,440.27045071726525,439.87740153816566,439.97184026476424
2.940000000000002,-0.25434565580507784,-4.414010857335766,18.08528304877245,5.999444858249943,6.202535886793349,0.0,0.2546398731057359,-4.74207298571764,4.577170646733459,-0.1089300471171034,-0.07856638922109206,0.0,467.33555454671125,464.7721070822528,466.68805833750645,465.9872603959292
3.000000000000002,-0.23786644457040276,-4.703096193810363,18.35625776007609,5.992881908302957,6.198061481677261,0.0,0.2950222958899913,-4.894801552636475,4.455328209272567,-0.11030228259880168,-0.06759484434569707,0.0,403.7614695972976,404.74530427415226,403.6261988891664,403.4904232470993
3.0600000000000023,-0.21843718117528266,-5.003018417677209,18.62502518103465,5.986656530418053,6.194270552880086,0.0,0.3529523554470254,-5.103206869310895,4.5026685356432035,-0.09313101154501768,-0.055566253708203985,0.0,460.4908513921802,461.4387550935482,461.14815330120734,462.4936839829212
3.1200000000000023,-0.19565804345495544,-5.31494682212665,18.894445518924,5.9808292968345445,6.190927742519808,0.0,0.40662206315223126,-5.295005693656465,4.477478329587194,-0.10660573884784395,-0.05600952881645629,0.0,439.89164729319026,439.8527983496553,440.01493893797425,438.8894843104656
3.1800000000000024,-0.1694957691095973,-5.638857470565107,19.163358279468316,5.975085451136167,6.187908571594038,0.0,0.4657050504858121,-5.502618666031423,4.485519136427087,-0.07992624932975399,-0.04085656014694268,0.0,450.8708310036882,452.0920232545799,451.24820862571363,453.38915989260505
3.2400000000000024,-0.13982171898543755,-5.97509461084066,19.4318354252141,5.970314639065531,6.186192762521088,0.0,0.5235780386448688,-5.705836243948458,4.463155290145048,-0.07870111562109953,-0.011340779027069208,0.0,441.858844013392,444.2855535628636,443.83428920142376,443.9297713319476
3.3000000000000025,-0.10647582197317491,-6.324206544642105,19.70061340268379,5.965982551015344,6.18543436745049,0.0,0.5879586397554019,-5.931713316499893,4.4952364650259184,-0.061635455023759646,-0.015373687210682116,0.0,462.73519732422176,462.41768029331587,461.81279784376034,463.15328172972676
3.3600000000000025,-0.06939483179803844,-6.686551384796818,19.96988538324503,5.962440493487799,6.185180207254255,0.0,0.648082902078575,-6.146933249357672,4.479898231818064,-0.05428440502483494,0.011859573027623766,0.0,447.55395654290396,449.7655521137079,448.951854369308,449.5456151897291
3.4200000000000026,-0.028730947919035663,-7.061855292680095,20.2379621371334,5.958778496578219,6.186295908112291,0.0,0.7072591949031883,-6.363696436995822,4.45544191242057,-0.08005918155188496,0.029478316142663705,0.0,447.0057921634661,448.4395205197434,447.80859112608306,445.703661345727
3.4800000000000026,0.01605750618332544,-7.452271941822543,20.510377708919513,5.954428452476881,6.188427027856754,0.0,0.7853004715791846,-6.650546017922496,4.623324994762296,-0.06055962930512816,0.04546686995398275,0.0,508.1259462132029,509.27141765586964,507.42304191656046,508.81770721157005
3.5400000000000027,0.06490911574654133,-7.858139751286515,20.78717788169906,5.95068196657332,6.191241177249896,0.0,0.8427885457781846,-6.878920043173533,4.602701351209108,-0.06649697577938117,0.04962850846329468,0.0,452.523896911772,452.8601169758178,454.6814058173477,454.2026425297563
3.6000000000000028,0.11737854009857354,-8.278645061578391,21.064985527810705,5.946769669758417,6.194405943970107,0.0,0.905784318647899,-7.138386281130578,4.656411549928798,-0.06273973817021543,0.058345899861638434,0.0,478.2734912611664,478.9387035418059,478.84858404190635,479.1315790073036
3.660000000000003,0.17319998650569604,-8.713532761482341,21.342135626764673,5.943414938572543,6.198001975055147,0.0,0.9546154304823622,-7.358514551820985,4.581555186915207,-0.044910887100887004,0.06293305777773305,0.0,438.63266212268246,439.0161213850068,439.2646707076359,440.7388041072512
3.720000000000003,0.23214140032860933,-9.162762827168473,21.61756476537354,5.94033423607765,6.201756448448339,0.0,1.0096598167281914,-7.616293945954981,4.598497175312073,-0.06907198031180087,0.06184807689566365,0.0,470.7453979126528,470.66400021352723,471.0048512881966,469.1303875801454
3.780000000000003,0.2939323373504288,-9.626044235308022,21.88957232734061,5.936944234763246,6.205326783899082,0.0,1.0497678897989107,-7.827201158151987,4.468325232086902,-0.03893399190699173,0.0543549104657442,0.0,422.50678008776237,421.86274791089943,422.9791024593794,425.5647175760555
3.840000000000003,0.35799128518175644,-10.10175961251427,22.15271511866253,5.934337007297918,6.209236027148638,0.0,1.0852964183642084,-8.030796158025625,4.303260077816824,-0.054512705434495344,0.08088054951407228,0.0,409.52956533138547,411.8862229784001,411.68128259874675,410.2988025168152
3.900000000000003,0.42441983693975094,-10.591233464782173,22.40974770912904,5.931135472117639,6.214251686612943,0.0,1.128499153106351,-8.285660773910257,4.263811063572111,-0.05114662251084102,0.08853084348327309,0.0,453.9637322607424,454.58285651514495,453.86960901801757,454.1379447842208
3.960000000000003,0.493302780450139,-11.095951441063965,22.663778128355975,5.928376025176126,6.219533265999576,0.0,1.1671020723013001,-8.538978560113048,4.203305710554058,-0.037283588274324195,0.08699841775873855,0.0,448.98993178488314,448.8719023408658,447.811575260867,448.93685379792004
4.020000000000002,0.5643046709479552,-11.615472909314978,22.91261545645002,5.925743087331551,6.225052714839119,0.0,1.1991865720797064,-8.77921203040114,4.091028897865747,-0.06228227102250774,0.10045918193413655,0.0,431.3037644688578,432.4467549198328,433.67789058364804,431.5710947060954
4.080000000000001,0.6371894550259306,-12.149896687006212,23.15550852886166,5.922365515988627,6.2309080984224785,0.0,1.2297785976412021,-9.035752827834635,4.004887942166651,-0.04641617944393493,0.09113041342128646,0.0,442.36377079602687,441.6028887730159,441.2347908812914,442.5407930808736
4.14,0.7121228596547412,-12.702062122803895,23.39889768377096,5.919338040090533,6.236362931747054,0.0,1.2672883703650006,-9.370244211481653,4.106376111294621,-0.060098218400699246,0.09047759654291886,0.0,502.3863825812001,502.3449222172711,503.73988652859197,502.7479723841257
4.199999999999998,0.7888513544490591,-13.27197497866934,23.64166661609369,5.915714287220304,6.24209120995703,0.0,1.2898653740335293,-9.627813548270899,3.985522728774537,-0.0609976816278731,0.10394134753281803,0.0,434.8197832953314,435.95444673455273,434.9163468322276,434.83831126837106
4.259999999999997,0.8669619592414455,-13.858673427023103,23.880039822385516,5.911955105916956,6.248572772825083,0.0,1.31317060162523,-9.929623578161625,3.9591818507354537,-0.06618646874938189,0.11514330920131995,0.0,467.5730996193804,468.4547658171476,467.5157239485663,467.1085187452299
4.319999999999996,0.9462211110462142,-14.46240942483057,24.113430664665408,5.907805633576464,6.255728260035408,0.0,1.3282355327885047,-10.19599307277042,3.8201053583419826,-0.07588037962538903,0.1264206457180129,0.0,431.0766626458646,432.0420315242554,433.38183846382714,432.5622184266762
4.379999999999995,1.026324919601665,-15.083183215225793,24.340495120055444,5.903441575334604,6.262934396436629,0.0,1.3411977167515663,-10.497472792587766,3.7477654194660124,-0.06708941120823118,0.10285137444088709,0.0,457.20567071368885,455.3357430597704,455.44561798650267,456.1443986450818
4.439999999999993,1.1071004445245574,-15.72275033679981,24.564275959015728,5.899483318599351,6.26979214252086,0.0,1.350662461017658,-10.822382505818409,3.710375984717776,-0.06382394232615717,0.13070336205502184,0.0,468.2163281171396,470.38924944373247,469.7034784720306,469.95375496747243
4.499999999999992,1.1882963849756059,-16.381866439110592,24.78521893310719,5.896601007565289,6.277510932402411,0.0,1.3551209544830012,-11.149160919714125,3.6533041326394025,-0.027482376620723795,0.12418303849160102,0.0,466.41908764609263,465.92370067525866,464.02947627188416,466.8727313869448
4.559999999999991,1.2695964203955017,-17.05946415954255,24.99926794907942,5.895082469063334,0.0018549252649524561,0.0,1.3543013616751305,-11.438714029794252,3.4814370126573033,-0.02128299280534838,0.12797641612064428,0.0,428.6342216390472,428.97151734526204,429.2026676479018,429.72852406787047
4.6199999999999894,1.3507283664885548,-17.754716259161096,25.203000462057904,5.894286640474714,0.009670629493802707,0.0,1.3494926978706823,-11.737690775566216,3.3094128872158866,-0.000742022459250256,0.13447574193858308,0.0,428.67750415350207,429.2457881396786,429.4237097576506,431.1632470451618
4.679999999999988,1.4314011358467713,-18.469747078493416,25.400189984893014,5.893789501330062,0.017553831789300922,0.0,1.3388223734113882,-12.097723925341583,3.262523989230023,-0.031005080301737077,0.1243637382209664,0.0,472.4157822828571,471.6499002264361,473.7531609922926,471.4199153501394
4.739999999999987,1.511308935448742,-19.20604835022258,25.592989533878196,5.891490537041772,0.02500182258598027,0.0,1.3241051318227028,-12.44694443204626,3.1631706000282076,-0.05988184554852661,0.1236685037871461,0.0,457.70958871466826,457.66773418101394,458.8333760951868,456.53353850077315
4.799999999999986,1.5903242880381898,-19.96176800643175,25.775257989186724,5.887915926441387,0.032168864000750474,0.0,1.3092377289958521,-12.745434438077462,2.9122837826129455,-0.05897397469887294,0.1093051401742919,0.0,407.31143251000674,406.0385776082009,406.84972565244163,406.92817866838664
4.859999999999984,1.6681653102130445,-20.737881960147224,25.947532023128126,5.8843702400462305,0.038572034286519674,0.0,1.2848782147047937,-13.126441366808177,2.8287654728399003,-0.05933736706754775,0.10097466012070819,0.0,465.8531992623172,465.21055757444327,466.15988527186937,466.1292150640543
4.919999999999983,1.74447273534197,-21.536733478355742,26.113521671566073,5.880634053762055,0.04456400222571233,0.0,1.2581935195056586,-13.503518193091724,2.7029721579290285,-0.06889247615784776,0.09755334307439878,0.0,455.20736877463617,454.9417558845493,455.3812145645371,454.6132792706451
4.979999999999982,1.8191752048228151,-22.357697532144314,26.269738903930584,5.877316773109914,0.05060948819919897,0.0,1.2314328723150159,-13.863776668319714,2.5034193316172684,-0.03671594997691131,0.10649634317041401,0.0,431.74838693689543,432.5115418061304,431.68072099900314,434.38577946396816
5.0399999999999805,1.8919204958389146,-23.20260796774241,26.418358941971817,5.874809011519549,0.056759123248188104,0.0,1.19283108747295,-14.301452918091673,2.448752025786533,-0.05462588551081682,0.09297216315191542,0.0,483.70951189973096,482.6978048784109,483.4101041040404,482.0573911895892
